10,115
10,183
10,175
10,137
10,211
10,11
10,195
10,299
9,7
9,1
9,5
9,2
9,3
8,9
8,6
57,4
57,3
57,2
57,1
57,0
52,4
52,3
52,2
52,1
52,0
48,4
48,3
48,2
48,1
48,0
47,4
47,3
47,2
47,1
47,0
45,5
45,4
45,3
45,2
45,1
45,0
42,5
42,4
42,3
42,2
42,1
42,0
40,5
40,4
40,3
40,2
40,1
40,0
28,3
28,1
20,3
20,2
20,1
19,3
19,2
19,1
12,3
12,2
12,1
11,30
11,29
11,28
11,27
11,26
11,25
11,24
11,23
11,22
11,21
11,20
11,19
11,18
11,17
11,16
11,15
11,14
11,13
11,12
11,11
11,10
18,1
11,9
18,3
11,8
11,7
14,1
11,6
11,5
11,4
11,3
11,2
11,1
10,316
14,3
10,314
13,1
10,312
13,3
10,304
